7                                 7                                                                                                                                          
7  1  2                  3 48     7                                                                                                                                    
7 777777             6  777777    7
7                  7777         9 7
7               8                 7
77             777                7
7    4 3                  4  5    7
7   7777  5            6  7777    7
76      7777          7777        7
7                                 7
7                                 7
779              4 5 8  3         7
777 4        97777777777779       7
7777777     777777777777777777    7
7      7                         77
7                                 7
7 6 4 3 5  3  8 9  555555  6  8   7            
77777777777777777777777777777777777