7                                 7                           737
7                                 7                            7
7                                 7
7     12                          7
7 777777            4     777777777
7                  7777           7
7                                 7
77             777                7
7    3                            7
7   7777  3                7777   7
7       7777            7777      7
77              335               7
777  6       3777777777777        7
7777777     777777777777777       7
7                                 7
7         4                       7
7 5555555555555555555555555555555 7            
77777777777777777777777777777777777