7                                 7                                                                                                                                   737         
7                                 7                                                                                                                                    7
7 777777                777777    7
7                  7777           7
7                                 7
77             777                7
7                            5    7
7   7777  5               7777    7
7       7777          7777        7
77                  5             7
777           777777777777        7
7777777     777777777777777       7
7                                 7
7                                 7
7       5          555555         7            
77777777777777777777777777777777777