7                                 7                                                                                                                                   737         
7                                 7                                                                                                                                    7
7 777777                777777    7
7                  7777         9 7
7                                 7
77             777                7
7                                 7
7   7777                  7777    7
7       7777          7777        7
779                               7
777          97777777777779       7
7777777     777777777777777       7
7                                 7
7                                 7
7               9                 7            
77777777777777777777777777777777777