7                                 7                                                                                                                                   737         
7                        3        7                                                                                                                                    7
7 777777                777777    7
7                  7777           7
7                                 7
77             777                7
7      3                          7
7   7777                  7777    7
7       7777          7777        7
77                      3         7
777           777777777777        7
7777777     777777777777777       7
7                                 7
7                                 7
7     3    3                      7            
77777777777777777777777777777777777