0                                 0                                                                                                               030
0                                 0                                                                                                                0
0                                 0
0                                 0
0                                 0
0                                90
0                                 0
0                                 0
0                                 0
0                                 0
0           0000000000000000      0
0                                 0
0                           9     0
0     00000000        00000000    0
0                                 0
0                                 0
0000000 9      000000  9     000000
0      0000000       0000000      0
0                                 0
0                           9     0                  
00000000000000000000000000000000000
