0                                 0                                                                                                               030
0                                 0                                                                                                                0
0                                 0
0                                 0
0                                 0
0                                 0
0                                 0
0                                 0
0                                 0
0                  6              0
0           0000000000000000      0
0                                 0
0                                 0
0     00000000        00000000    0
0                                 0
0 6                              60
0000000        000000    6   000000
0      0000000       0000000      0
0                                 0
0                  6              0                  
00000000000000000000000000000000000
