0    1                            0
0                                 0
0                                 0
0                                 0
0                                 0
0                                 0
0                                 0
0                                 0
0                                 0
0                                 0
0           0000000000000000      0
0                                 0
0                                 0
0     00000000        00000000    0
0                                 0
0                                 0
0000000      2 000000        000000
0      0000000       0000000      0
0                                 0
0                                 0                  
00000000000000000000000000000000000
