7                                 7                                                                                                                                   737         
7                          8      7                                                                                                                                    7
7 777777                777777    7
7                  7777           7
7               8                 7
77             777                7
7                                 7
7   7777                 7777     7
7       7777          7777        7
77                   8            7
777           777777777777        7
7777777     777777777777777       7
7                                 7
7                                 7
7             8               8   7            
77777777777777777777777777777777777