0                                 0                                                                                                               030
0                                 0                                                                                                                0
0                                 0
0                                 0
0                                 0
0                                 0
0                                 0
0                                 0
0                                 0
0                     8           0
0           0000000000000000      0
0                                 0
0       8                         0
0     00000000        00000000    0
0                                 0
0                   8             0
0000000        000000        000000
0      0000000       0000000      0
0                                 0
0  8                              0                  
00000000000000000000000000000000000
