7                                 7                                                                                                                                   737         
7                         4       7                                                                                                                                    7
7 777777                777777    7
7                  7777           7
7                                 7
77             777                7
7    4                    4       7
7   7777                 7777     7
7       7777          7777        7
77               4                7
777 4         777777777777        7
7777777     777777777777777       7
7                                 7
7                                 7
7   4                             7            
77777777777777777777777777777777777