0                                        0
0    1                                   0
0      2         4                  3    0
0                                3       0
0                                        0
0                                        0
0                                        0
0                                        0
0                                        0
0                                        0
0                                        0
0                                        0
0                                        0
0                                        0
0                                        0
0                                        0
0                                        0
0                                        0
0                                        0
0                                        0
0                                        0
0                                        0
0                                        0
0                                        0
0                                        0
0                                        0
0                                        0
0                                        0
0                                        0
0                                        0
0                                        0
0                                        0
0                                        0
0                                        0
0                                        0
0                                        0
0                                        0
0                                        0
0                                        0
000000000000000000000000000000000000000000