0    1                            0
0                                 0
0                                 0
0                                 0
0              3                  0
0           3                     0
0                                 0
0                                 0
0                                 0
0              5  6    4          0
0           0000000000000000      0
0                                 0
0        53              4        0
0     00000000    6   00000000    0
0                                 0
0 6 4           5 3          5   60
0000000   2    000000        000000
0      0000000       0000000      0
0                                 0
0   43            56            4 0                  
00000000000000000000000000000000000
